ckpt-6600

accuracy: 0.9928045272827148
Balanced accuracy: 0.9409093856811523
precision: 0.6908130645751953
recall: 0.8875064849853516
gmean: 0.9393926858901978
f1: 0.7769036059824471
IUcrack: 0.6351940631866455
IUback: 0.992713212966919
MIU: 0.8139536380767822

