ckpt-14720

accuracy: 0.9936859607696533
Balanced accuracy: 0.9460945129394531
precision: 0.7226020693778992
recall: 0.8971202969551086
gmean: 0.944826066493988
f1: 0.8004593830834306
IUcrack: 0.6673049330711365
IUback: 0.9936049580574036
MIU: 0.83045494556427