precision: 0.7822180390357971
recall: 0.9078616499900818
gmean: 0.9510728120803833
f1: 0.8403695567519137
IUcrack: 0.724687397480011
IUback: 0.995013415813446
MIU: 0.8598504066467285
total time:  38.71762561798096