ckpt-
accuracy: 0.9711410999298096
Balanced accuracy: 0.9772006273269653
precision: 0.45252010226249695
recall: 0.9835647344589233
gmean: 0.9771799445152283
f1: 0.6198558658953449
IUcrack: 0.4491240382194519
IUback: 0.9704456925392151
MIU: 0.7097848653793335
total time:  6.237334489822388