ckpt-7360
accuracy: 0.9838671684265137
Balanced accuracy: 0.9368395805358887
precision: 0.46280089020729065
recall: 0.8884457349777222
gmean: 0.9355888366699219
f1: 0.6085839231026677
IUcrack: 0.43738454580307007
IUback: 0.9836622476577759
MIU: 0.7105233669281006
total time:  24.77677035331726