accuracy: 0.9833454489707947
Balanced accuracy: 0.9281932711601257
precision: 0.8041896224021912
recall: 0.8671283721923828
gmean: 0.9261823892593384
f1: 0.8344738889830692
IUcrack: 0.7159633636474609
IUback: 0.9826156497001648
MIU: 0.8492895364761353