accuracy: 0.9941502213478088
Balanced accuracy: 0.9360822439193726
precision: 0.750898540019989
recall: 0.8763272166252136
gmean: 0.9341731071472168
f1: 0.8087787756018538
IUcrack: 0.678949236869812
IUback: 0.9940769672393799
MIU: 0.836513102054596
total time:  41.82034206390381

ckpt-30360
accuracy: 0.9936907291412354
Balanced accuracy: 0.9443187713623047
precision: 0.7240987420082092
recall: 0.8935123682022095
gmean: 0.9429510235786438
f1: 0.7999341174900075
IUcrack: 0.6665751934051514
IUback: 0.9936100244522095
MIU: 0.8300926089286804
total time:  41.45935821533203
