precision: 0.7969231605529785
recall: 0.9169487357139587
gmean: 0.9559533596038818
f1: 0.8527331134940153
IUcrack: 0.7432735562324524
IUback: 0.9954203963279724
MIU: 0.8693469762802124
total time:  41.33830904960632