ckpt-7277

Balanced accuracy: 0.9675700664520264
precision: 0.8668402433395386
recall: 0.9425061941146851
gmean: 0.9672453999519348
f1: 0.9030910628756424
IUcrack: 0.8233054280281067
IUback: 0.9897388815879822
MIU: 0.9065221548080444
total time:  24.416110038757324