precision: 0.6330104470252991
recall: 0.9416794776916504
gmean: 0.9665591716766357
f1: 0.7570925047969738
IUcrack: 0.6091301441192627
IUback: 0.9912592768669128
MIU: 0.8001947402954102
total time:  36.02396035194397