accuracy: 0.9414321184158325
Balanced accuracy: 0.961510419845581
precision: 0.45183226466178894
recall: 0.9837411642074585
gmean: 0.9612533450126648
f1: 0.6192452157428332
IUcrack: 0.4484831392765045
IUback: 0.9385032653808594
MIU: 0.6934931874275208