ckpt-11040
accuracy: 0.9901484847068787
Balanced accuracy: 0.9683215618133545
precision: 0.5950371623039246
recall: 0.9458603858947754
gmean: 0.9680609703063965
f1: 0.7305119783537904
IUcrack: 0.5754382610321045
IUback: 0.9900152087211609
MIU: 0.7827267646789551