precision: 0.6863691210746765
recall: 0.9800496697425842
gmean: 0.9867601990699768
f1: 0.80733106724132
IUcrack: 0.6769112944602966
IUback: 0.9932298064231873
MIU: 0.9932298064231873
total time:  42.28702235221863