accuracy: 0.9919662475585938
Balanced accuracy: 0.9620327353477478
precision: 0.6505004167556763
recall: 0.9312296509742737
gmean: 0.9615394473075867
f1: 0.7659527571556031
IUcrack: 0.6206835508346558
IUback: 0.9918591380119324
MIU: 0.8062713146209717
total time:  40.04897212982178