ckpt-44160
accuracy: 0.9938083291053772
Balanced accuracy: 0.9629743099212646
precision: 0.7157377004623413
recall: 0.9312445521354675
gmean: 0.9624514579772949
f1: 0.8093916705950553
IUcrack: 0.6798135042190552
IUback: 0.9937258362770081
MIU: 0.836769700050354