accuracy: 0.984826922416687
Balanced accuracy: 0.886824905872345
precision: 0.6521174907684326
recall: 0.7838985919952393
gmean: 0.880831778049469
f1: 0.7119613616652941
IUcrack: 0.552748441696167
IUback: 0.9845369458198547
MIU: 0.7686426639556885