ckpt-28600
accuracy: 0.9938720464706421
Balanced accuracy: 0.9473718404769897
precision: 0.7294600009918213
recall: 0.8995206952095032
gmean: 0.9461626410484314
f1: 0.8056134646149856
IUcrack: 0.6744997501373291
IUback: 0.993793249130249
MIU: 0.8341464996337891
total time:  43.91764307022095

ckpt-17
accuracy: 0.9942476749420166
Balanced accuracy: 0.962033748626709
precision: 0.7341498136520386
recall: 0.928883969783783
gmean: 0.9614624977111816
f1: 0.820115651954581
IUcrack: 0.695081353187561
IUback: 0.9941712617874146
MIU: 0.8446263074874878

ckpt-7056
accuracy: 0.996173083782196
Balanced accuracy: 0.9770506620407104
precision: 0.8073398470878601
recall: 0.9573726058006287
gmean: 0.9768524765968323
f1: 0.8759784653959445
IUcrack: 0.7793253660202026
IUback: 0.9961205720901489
MIU: 0.8877229690551758
total time:  43.998719930648804