accuracy: 0.9937305450439453
Balanced accuracy: 0.9591948986053467
precision: 0.7152214050292969
recall: 0.9236558675765991
gmean: 0.9585362672805786
f1: 0.8061841584040925
IUcrack: 0.6753002405166626
IUback: 0.9936477541923523
MIU: 0.8344739675521851
total time:  43.36756134033203

