accuracy: 0.9949325919151306
Balanced accuracy: 0.9648132920265198
precision: 0.7613053917884827
recall: 0.9338188767433167
gmean: 0.9643152952194214
f1: 0.8387837505675061
IUcrack: 0.7223321199417114
IUback: 0.9948649406433105
MIU: 0.858598530292511
total time:  46.54032635688782