ckpt-96
accuracy: 0.9935123920440674
Balanced accuracy: 0.9361676573753357
precision: 0.8561763763427734
recall: 0.8759415149688721
gmean: 0.9342284202575684
f1: 0.8659461759919135
IUcrack: 0.7635847330093384
IUback: 0.9933735728263855
MIU: 0.8784791231155396
