accuracy: 0.9930145740509033
Balanced accuracy: 0.9480526447296143
precision: 0.6945343017578125
recall: 0.901784360408783
gmean: 0.9469228982925415
f1: 0.7847056637883423
IUcrack: 0.6456918716430664
IUback: 0.9929245710372925
MIU: 0.8193082213401794